00000000 00D01001 00000000 00000001 00000000 00000000 00000000 00000000 00000000 00000000 00000000 00000000 00000000 00000000 00000000 00000000 00000000 00000000
00000001 04DD100B 00000000 0000000B 00000000 00000000 00000000 00000000 00000000 00000000 00000000 00000000 00000000 00000000 00000000 00000001 00000000 00000000
00000002 00900001 00000000 00000001 00000000 00000000 00000000 00000000 00000000 00000000 00000000 00000000 00000000 00000000 00000000 00000800 00000000 00000000
00000003 0499100A 00000000 0000000A 00000000 00000000 00000000 00000000 00000000 00000000 00000000 00000000 00000000 00000000 00000000 00000800 00000000 00000000
00000004 00300000 00000000 00000000 00000000 00000000 00000000 00000000 00000000 00000000 00000000 00000000 00000000 00000000 00000000 00000800 00000000 00000000
00000005 0040100F 00000000 0000000F 00000000 00000000 00000000 00000000 00000000 00000000 00000000 00000000 00000000 00000000 00000000 00000800 00000000 00000000
00000006 0D100008 00000000 00000008 00000000 00000000 0000000F 00000000 00000000 00000000 00000000 00000000 00000000 00000000 00000000 00000800 00000000 00000000
00000008 00DD1FFC 00000000 FFFFFFFC 00000000 00000000 0000000F 00000000 00000000 00000000 00000000 00000000 00000000 00000000 00000000 00000800 00000000 00000007
00000009 0F3D1003 00000000 00000003 00000000 00000000 0000000F 00000000 00000000 00000000 00000000 00000000 00000000 00000000 00000000 000007FC 00000000 00000007
0000000A 0F4D1002 00000000 00000002 00000000 00000000 0000000F 00000000 00000000 00000000 00000000 00000000 00000000 00000000 00000000 000007FC 00000000 00000007
0000000B 0FFD1001 00000000 00000001 00000000 00000000 0000000F 00000000 00000000 00000000 00000000 00000000 00000000 00000000 00000000 000007FC 00000000 00000007
0000000C 0F2D1000 00000000 00000000 00000000 00000000 0000000F 00000000 00000000 00000000 00000000 00000000 00000000 00000000 00000000 000007FC 00000000 00000007
0000000D 0B14300F 00000000 0000000F 00000000 00000000 0000000F 00000000 00000000 00000000 00000000 00000000 00000000 00000000 00000000 000007FC 00000000 00000007
0000000E 07100011 00000000 00000011 00000000 00000000 0000000F 00000000 00000000 00000000 00000000 00000000 00000000 00000000 00000000 000007FC 00000000 00000007
00000011 0EB93000 00000000 00000000 00000000 00000000 0000000F 00000000 00000000 00000000 00000000 00000000 00000000 00000000 00000000 000007FC 00000000 00000007
00000012 00731FFF 00000000 FFFFFFFF 00000000 00000000 0000000F 00000000 00000000 00000000 00000000 00000000 00000000 00D01001 00000000 000007FC 00000000 00000007
00000013 00241001 00000000 00000001 00000000 00000000 0000000F 00000000 00000000 FFFFFFFF 00000000 00000000 00000000 00D01001 00000000 000007FC 00000000 00000007
00000014 00221FFF 00000000 FFFFFFFF 00000010 00000000 0000000F 00000000 00000000 FFFFFFFF 00000000 00000000 00000000 00D01001 00000000 000007FC 00000000 00000007
00000015 0EF92000 00000000 00000000 0000000F 00000000 0000000F 00000000 00000000 FFFFFFFF 00000000 00000000 00000000 00D01001 00000000 000007FC 00000000 00000007
00000016 0A1FB014 00000000 00000014 0000000F 00000000 0000000F 00000000 00000000 FFFFFFFF 00000000 00000000 00000000 00D01001 00000000 000007FC 00000000 00DD1004
00000014 00221FFF 00000000 FFFFFFFF 0000000F 00000000 0000000F 00000000 00000000 FFFFFFFF 00000000 00000000 00000000 00D01001 00000000 000007FC 00000000 00DD1004
00000015 0EF92000 00000000 00000000 0000000E 00000000 0000000F 00000000 00000000 FFFFFFFF 00000000 00000000 00000000 00D01001 00000000 000007FC 00000000 00DD1004
00000016 0A1FB014 00000000 00000014 0000000E 00000000 0000000F 00000000 00000000 FFFFFFFF 00000000 00000000 00000000 00D01001 00000000 000007FC 00000000 07100011
00000014 00221FFF 00000000 FFFFFFFF 0000000E 00000000 0000000F 00000000 00000000 FFFFFFFF 00000000 00000000 00000000 00D01001 00000000 000007FC 00000000 07100011
00000015 0EF92000 00000000 00000000 0000000D 00000000 0000000F 00000000 00000000 FFFFFFFF 00000000 00000000 00000000 00D01001 00000000 000007FC 00000000 07100011
00000016 0A1FB014 00000000 00000014 0000000D 00000000 0000000F 00000000 00000000 FFFFFFFF 00000000 00000000 00000000 00D01001 00000000 000007FC 00000000 0B14300F
00000014 00221FFF 00000000 FFFFFFFF 0000000D 00000000 0000000F 00000000 00000000 FFFFFFFF 00000000 00000000 00000000 00D01001 00000000 000007FC 00000000 0B14300F
00000015 0EF92000 00000000 00000000 0000000C 00000000 0000000F 00000000 00000000 FFFFFFFF 00000000 00000000 00000000 00D01001 00000000 000007FC 00000000 0B14300F
00000016 0A1FB014 00000000 00000014 0000000C 00000000 0000000F 00000000 00000000 FFFFFFFF 00000000 00000000 00000000 00D01001 00000000 000007FC 00000000 0F2D1000
00000014 00221FFF 00000000 FFFFFFFF 0000000C 00000000 0000000F 00000000 00000000 FFFFFFFF 00000000 00000000 00000000 00D01001 00000000 000007FC 00000000 0F2D1000
00000015 0EF92000 00000000 00000000 0000000B 00000000 0000000F 00000000 00000000 FFFFFFFF 00000000 00000000 00000000 00D01001 00000000 000007FC 00000000 0F2D1000
00000016 0A1FB014 00000000 00000014 0000000B 00000000 0000000F 00000000 00000000 FFFFFFFF 00000000 00000000 00000000 00D01001 00000000 000007FC 00000000 0FFD1001
00000014 00221FFF 00000000 FFFFFFFF 0000000B 00000000 0000000F 00000000 00000000 FFFFFFFF 00000000 00000000 00000000 00D01001 00000000 000007FC 00000000 0FFD1001
00000015 0EF92000 00000000 00000000 0000000A 00000000 0000000F 00000000 00000000 FFFFFFFF 00000000 00000000 00000000 00D01001 00000000 000007FC 00000000 0FFD1001
00000016 0A1FB014 00000000 00000014 0000000A 00000000 0000000F 00000000 00000000 FFFFFFFF 00000000 00000000 00000000 00D01001 00000000 000007FC 00000000 0F4D1002
00000014 00221FFF 00000000 FFFFFFFF 0000000A 00000000 0000000F 00000000 00000000 FFFFFFFF 00000000 00000000 00000000 00D01001 00000000 000007FC 00000000 0F4D1002
00000015 0EF92000 00000000 00000000 00000009 00000000 0000000F 00000000 00000000 FFFFFFFF 00000000 00000000 00000000 00D01001 00000000 000007FC 00000000 0F4D1002
00000016 0A1FB014 00000000 00000014 00000009 00000000 0000000F 00000000 00000000 FFFFFFFF 00000000 00000000 00000000 00D01001 00000000 000007FC 00000000 0F3D1003
00000014 00221FFF 00000000 FFFFFFFF 00000009 00000000 0000000F 00000000 00000000 FFFFFFFF 00000000 00000000 00000000 00D01001 00000000 000007FC 00000000 0F3D1003
00000015 0EF92000 00000000 00000000 00000008 00000000 0000000F 00000000 00000000 FFFFFFFF 00000000 00000000 00000000 00D01001 00000000 000007FC 00000000 0F3D1003
00000016 0A1FB014 00000000 00000014 00000008 00000000 0000000F 00000000 00000000 FFFFFFFF 00000000 00000000 00000000 00D01001 00000000 000007FC 00000000 00DD1FFC
00000014 00221FFF 00000000 FFFFFFFF 00000008 00000000 0000000F 00000000 00000000 FFFFFFFF 00000000 00000000 00000000 00D01001 00000000 000007FC 00000000 00DD1FFC
00000015 0EF92000 00000000 00000000 00000007 00000000 0000000F 00000000 00000000 FFFFFFFF 00000000 00000000 00000000 00D01001 00000000 000007FC 00000000 00DD1FFC
00000016 0A1FB014 00000000 00000014 00000007 00000000 0000000F 00000000 00000000 FFFFFFFF 00000000 00000000 00000000 00D01001 00000000 000007FC 00000000 13000000
00000014 00221FFF 00000000 FFFFFFFF 00000007 00000000 0000000F 00000000 00000000 FFFFFFFF 00000000 00000000 00000000 00D01001 00000000 000007FC 00000000 13000000
00000015 0EF92000 00000000 00000000 00000006 00000000 0000000F 00000000 00000000 FFFFFFFF 00000000 00000000 00000000 00D01001 00000000 000007FC 00000000 13000000
00000016 0A1FB014 00000000 00000014 00000006 00000000 0000000F 00000000 00000000 FFFFFFFF 00000000 00000000 00000000 00D01001 00000000 000007FC 00000000 0D100008
00000014 00221FFF 00000000 FFFFFFFF 00000006 00000000 0000000F 00000000 00000000 FFFFFFFF 00000000 00000000 00000000 00D01001 00000000 000007FC 00000000 0D100008
00000015 0EF92000 00000000 00000000 00000005 00000000 0000000F 00000000 00000000 FFFFFFFF 00000000 00000000 00000000 00D01001 00000000 000007FC 00000000 0D100008
00000016 0A1FB014 00000000 00000014 00000005 00000000 0000000F 00000000 00000000 FFFFFFFF 00000000 00000000 00000000 00D01001 00000000 000007FC 00000000 0040100F
00000017 00771001 00000000 00000001 00000005 00000000 0000000F 00000000 00000000 FFFFFFFF 00000000 00000000 00000000 00D01001 00000000 000007FC 00000000 0040100F
00000018 0E697000 00000000 00000000 00000005 00000000 0000000F 00000000 00000000 00000000 00000000 00000000 00000000 00D01001 00000000 000007FC 00000000 0040100F
00000019 0916B017 00000000 00000017 00000005 00000000 0000000F 00000000 00D01001 00000000 00000000 00000000 00000000 00D01001 00000000 000007FC 00000000 0040100F
0000001A 0C17201F 00000000 0000001F 00000005 00000000 0000000F 00000000 00D01001 00000000 00000000 00000000 00000000 00D01001 00000000 000007FC 00000000 0040100F
0000001B 008F0000 00000000 00000000 00000005 00000000 0000000F 00000000 00D01001 00000000 00000000 00000000 00000000 00D01001 00000000 000007FC 00000000 0040100F
0000001C 0F692000 00000000 00000000 00000005 00000000 0000000F 00000000 00D01001 00000000 0040100F 00000000 00000000 00D01001 00000000 000007FC 00000000 0040100F
0000001D 0F897000 00000000 00000000 00000005 00000000 0000000F 00000000 00D01001 00000000 0040100F 00000000 00000000 00D01001 00000000 000007FC 00000000 0040100F
0000001E 07100014 00000000 00000014 00000005 00000000 0000000F 00000000 00D01001 00000000 0040100F 00000000 00000000 00D01001 00000000 000007FC 00000000 0040100F
00000014 00221FFF 00000000 FFFFFFFF 00000005 00000000 0000000F 00000000 00D01001 00000000 0040100F 00000000 00000000 00D01001 00000000 000007FC 00000000 0040100F
00000015 0EF92000 00000000 00000000 00000004 00000000 0000000F 00000000 00D01001 00000000 0040100F 00000000 00000000 00D01001 00000000 000007FC 00000000 0040100F
00000016 0A1FB014 00000000 00000014 00000004 00000000 0000000F 00000000 00D01001 00000000 0040100F 00000000 00000000 00D01001 00000000 000007FC 00000000 00300000
00000017 00771001 00000000 00000001 00000004 00000000 0000000F 00000000 00D01001 00000000 0040100F 00000000 00000000 00D01001 00000000 000007FC 00000000 00300000
00000018 0E697000 00000000 00000000 00000004 00000000 0000000F 00000000 00D01001 00000001 0040100F 00000000 00000000 00D01001 00000000 000007FC 00000000 00300000
00000019 0916B017 00000000 00000017 00000004 00000000 0000000F 00000000 04DD100B 00000001 0040100F 00000000 00000000 00D01001 00000000 000007FC 00000000 00300000
0000001A 0C17201F 00000000 0000001F 00000004 00000000 0000000F 00000000 04DD100B 00000001 0040100F 00000000 00000000 00D01001 00000000 000007FC 00000000 00300000
0000001B 008F0000 00000000 00000000 00000004 00000000 0000000F 00000000 04DD100B 00000001 0040100F 00000000 00000000 00D01001 00000000 000007FC 00000000 00300000
0000001C 0F692000 00000000 00000000 00000004 00000000 0000000F 00000000 04DD100B 00000001 00300000 00000000 00000000 00D01001 00000000 000007FC 00000000 00300000
0000001D 0F897000 00000000 00000000 00000004 00000000 0000000F 00000000 04DD100B 00000001 00300000 00000000 00000000 00D01001 00000000 000007FC 00000000 00300000
0000001E 07100014 00000000 00000014 00000004 00000000 0000000F 00000000 04DD100B 00000001 00300000 00000000 00000000 00D01001 00000000 000007FC 00000000 00300000
00000014 00221FFF 00000000 FFFFFFFF 00000004 00000000 0000000F 00000000 04DD100B 00000001 00300000 00000000 00000000 00D01001 00000000 000007FC 00000000 00300000
00000015 0EF92000 00000000 00000000 00000003 00000000 0000000F 00000000 04DD100B 00000001 00300000 00000000 00000000 00D01001 00000000 000007FC 00000000 00300000
00000016 0A1FB014 00000000 00000014 00000003 00000000 0000000F 00000000 04DD100B 00000001 00300000 00000000 00000000 00D01001 00000000 000007FC 00000000 0499100A
00000014 00221FFF 00000000 FFFFFFFF 00000003 00000000 0000000F 00000000 04DD100B 00000001 00300000 00000000 00000000 00D01001 00000000 000007FC 00000000 0499100A
00000015 0EF92000 00000000 00000000 00000002 00000000 0000000F 00000000 04DD100B 00000001 00300000 00000000 00000000 00D01001 00000000 000007FC 00000000 0499100A
00000016 0A1FB014 00000000 00000014 00000002 00000000 0000000F 00000000 04DD100B 00000001 00300000 00000000 00000000 00D01001 00000000 000007FC 00000000 00900001
00000017 00771001 00000000 00000001 00000002 00000000 0000000F 00000000 04DD100B 00000001 00300000 00000000 00000000 00D01001 00000000 000007FC 00000000 00900001
00000018 0E697000 00000000 00000000 00000002 00000000 0000000F 00000000 04DD100B 00000002 00300000 00000000 00000000 00D01001 00000000 000007FC 00000000 00900001
00000019 0916B017 00000000 00000017 00000002 00000000 0000000F 00000000 00900001 00000002 00300000 00000000 00000000 00D01001 00000000 000007FC 00000000 00900001
00000017 00771001 00000000 00000001 00000002 00000000 0000000F 00000000 00900001 00000002 00300000 00000000 00000000 00D01001 00000000 000007FC 00000000 00900001
00000018 0E697000 00000000 00000000 00000002 00000000 0000000F 00000000 00900001 00000003 00300000 00000000 00000000 00D01001 00000000 000007FC 00000000 00900001
00000019 0916B017 00000000 00000017 00000002 00000000 0000000F 00000000 0499100A 00000003 00300000 00000000 00000000 00D01001 00000000 000007FC 00000000 00900001
0000001A 0C17201F 00000000 0000001F 00000002 00000000 0000000F 00000000 0499100A 00000003 00300000 00000000 00000000 00D01001 00000000 000007FC 00000000 00900001
0000001F 0F2D1000 00000000 00000000 00000002 00000000 0000000F 00000000 0499100A 00000003 00300000 00000000 00000000 00D01001 00000000 000007FC 00000000 00900001
00000020 00420000 00000000 00000000 00000002 00000000 0000000F 00000000 0499100A 00000003 00300000 00000000 00000000 00D01001 00000000 000007FC 00000000 00900001
00000021 0D100008 00000000 00000008 00000002 00000000 00000002 00000000 0499100A 00000003 00300000 00000000 00000000 00D01001 00000000 000007FC 00000000 00900001
00000008 00DD1FFC 00000000 FFFFFFFC 00000002 00000000 00000002 00000000 0499100A 00000003 00300000 00000000 00000000 00D01001 00000000 000007FC 00000000 00000022
00000009 0F3D1003 00000000 00000003 00000002 00000000 00000002 00000000 0499100A 00000003 00300000 00000000 00000000 00D01001 00000000 000007F8 00000000 00000022
0000000A 0F4D1002 00000000 00000002 00000002 00000000 00000002 00000000 0499100A 00000003 00300000 00000000 00000000 00D01001 00000000 000007F8 00000000 00000022
0000000B 0FFD1001 00000000 00000001 00000002 00000000 00000002 00000000 0499100A 00000003 00300000 00000000 00000000 00D01001 00000000 000007F8 00000000 00000022
0000000C 0F2D1000 00000000 00000000 00000002 00000000 00000002 00000000 0499100A 00000003 00300000 00000000 00000000 00D01001 00000000 000007F8 00000000 00000022
0000000D 0B14300F 00000000 0000000F 00000002 00000000 00000002 00000000 0499100A 00000003 00300000 00000000 00000000 00D01001 00000000 000007F8 00000000 00000022
0000000E 07100011 00000000 00000011 00000002 00000000 00000002 00000000 0499100A 00000003 00300000 00000000 00000000 00D01001 00000000 000007F8 00000000 00000022
00000011 0EB93000 00000000 00000000 00000002 00000000 00000002 00000000 0499100A 00000003 00300000 00000000 00000000 00D01001 00000000 000007F8 00000000 00000022
00000012 00731FFF 00000000 FFFFFFFF 00000002 00000000 00000002 00000000 0499100A 00000003 00300000 00000000 00000000 0040100F 00000000 000007F8 00000000 00000022
00000013 00241001 00000000 00000001 00000002 00000000 00000002 00000000 0499100A FFFFFFFF 00300000 00000000 00000000 0040100F 00000000 000007F8 00000000 00000022
00000014 00221FFF 00000000 FFFFFFFF 00000003 00000000 00000002 00000000 0499100A FFFFFFFF 00300000 00000000 00000000 0040100F 00000000 000007F8 00000000 00000022
00000015 0EF92000 00000000 00000000 00000002 00000000 00000002 00000000 0499100A FFFFFFFF 00300000 00000000 00000000 0040100F 00000000 000007F8 00000000 00000022
00000016 0A1FB014 00000000 00000014 00000002 00000000 00000002 00000000 0499100A FFFFFFFF 00300000 00000000 00000000 0040100F 00000000 000007F8 00000000 00900001
00000014 00221FFF 00000000 FFFFFFFF 00000002 00000000 00000002 00000000 0499100A FFFFFFFF 00300000 00000000 00000000 0040100F 00000000 000007F8 00000000 00900001
00000015 0EF92000 00000000 00000000 00000001 00000000 00000002 00000000 0499100A FFFFFFFF 00300000 00000000 00000000 0040100F 00000000 000007F8 00000000 00900001
00000016 0A1FB014 00000000 00000014 00000001 00000000 00000002 00000000 0499100A FFFFFFFF 00300000 00000000 00000000 0040100F 00000000 000007F8 00000000 00300000
00000017 00771001 00000000 00000001 00000001 00000000 00000002 00000000 0499100A FFFFFFFF 00300000 00000000 00000000 0040100F 00000000 000007F8 00000000 00300000
00000018 0E697000 00000000 00000000 00000001 00000000 00000002 00000000 0499100A 00000000 00300000 00000000 00000000 0040100F 00000000 000007F8 00000000 00300000
00000019 0916B017 00000000 00000017 00000001 00000000 00000002 00000000 0040100F 00000000 00300000 00000000 00000000 0040100F 00000000 000007F8 00000000 00300000
0000001A 0C17201F 00000000 0000001F 00000001 00000000 00000002 00000000 0040100F 00000000 00300000 00000000 00000000 0040100F 00000000 000007F8 00000000 00300000
0000001B 008F0000 00000000 00000000 00000001 00000000 00000002 00000000 0040100F 00000000 00300000 00000000 00000000 0040100F 00000000 000007F8 00000000 00300000
0000001C 0F692000 00000000 00000000 00000001 00000000 00000002 00000000 0040100F 00000000 00300000 00000000 00000000 0040100F 00000000 000007F8 00000000 00300000
0000001D 0F897000 00000000 00000000 00000001 00000000 00000002 00000000 0040100F 00000000 00300000 00000000 00000000 0040100F 00000000 000007F8 00000000 00300000
0000001E 07100014 00000000 00000014 00000001 00000000 00000002 00000000 0040100F 00000000 00300000 00000000 00000000 0040100F 00000000 000007F8 00000000 00300000
00000014 00221FFF 00000000 FFFFFFFF 00000001 00000000 00000002 00000000 0040100F 00000000 00300000 00000000 00000000 0040100F 00000000 000007F8 00000000 00300000
00000015 0EF92000 00000000 00000000 00000000 00000000 00000002 00000000 0040100F 00000000 00300000 00000000 00000000 0040100F 00000000 000007F8 00000000 00300000
00000016 0A1FB014 00000000 00000014 00000000 00000000 00000002 00000000 0040100F 00000000 00300000 00000000 00000000 0040100F 00000000 000007F8 00000000 00300000
00000017 00771001 00000000 00000001 00000000 00000000 00000002 00000000 0040100F 00000000 00300000 00000000 00000000 0040100F 00000000 000007F8 00000000 00300000
00000018 0E697000 00000000 00000000 00000000 00000000 00000002 00000000 0040100F 00000001 00300000 00000000 00000000 0040100F 00000000 000007F8 00000000 00300000
00000019 0916B017 00000000 00000017 00000000 00000000 00000002 00000000 0040100F 00000001 00300000 00000000 00000000 0040100F 00000000 000007F8 00000000 00300000
0000001A 0C17201F 00000000 0000001F 00000000 00000000 00000002 00000000 0040100F 00000001 00300000 00000000 00000000 0040100F 00000000 000007F8 00000000 00300000
0000001F 0F2D1000 00000000 00000000 00000000 00000000 00000002 00000000 0040100F 00000001 00300000 00000000 00000000 0040100F 00000000 000007F8 00000000 00300000
00000020 00420000 00000000 00000000 00000000 00000000 00000002 00000000 0040100F 00000001 00300000 00000000 00000000 0040100F 00000000 000007F8 00000000 00300000
00000021 0D100008 00000000 00000008 00000000 00000000 00000000 00000000 0040100F 00000001 00300000 00000000 00000000 0040100F 00000000 000007F8 00000000 00300000
00000008 00DD1FFC 00000000 FFFFFFFC 00000000 00000000 00000000 00000000 0040100F 00000001 00300000 00000000 00000000 0040100F 00000000 000007F8 00000000 00000022
00000009 0F3D1003 00000000 00000003 00000000 00000000 00000000 00000000 0040100F 00000001 00300000 00000000 00000000 0040100F 00000000 000007F4 00000000 00000022
0000000A 0F4D1002 00000000 00000002 00000000 00000000 00000000 00000000 0040100F 00000001 00300000 00000000 00000000 0040100F 00000000 000007F4 00000000 00000022
0000000B 0FFD1001 00000000 00000001 00000000 00000000 00000000 00000000 0040100F 00000001 00300000 00000000 00000000 0040100F 00000000 000007F4 00000000 00000022
0000000C 0F2D1000 00000000 00000000 00000000 00000000 00000000 00000000 0040100F 00000001 00300000 00000000 00000000 0040100F 00000000 000007F4 00000000 00000022
0000000D 0B14300F 00000000 0000000F 00000000 00000000 00000000 00000000 0040100F 00000001 00300000 00000000 00000000 0040100F 00000000 000007F4 00000000 00000022
0000000F 00DD1004 00000000 00000004 00000000 00000000 00000000 00000000 0040100F 00000001 00300000 00000000 00000000 0040100F 00000000 000007F4 00000000 00000022
00000010 07F00000 00000000 00000000 00000000 00000000 00000000 00000000 0040100F 00000001 00300000 00000000 00000000 0040100F 00000000 000007F8 00000000 00000022
00000022 0E2D1000 00000000 00000000 00000000 00000000 00000000 00000000 0040100F 00000001 00300000 00000000 00000000 0040100F 00000000 000007F8 00000000 00000022
00000023 0E4D1001 00000000 00000001 00000000 00000000 00000000 00000000 0040100F 00000001 00300000 00000000 00000000 0040100F 00000000 000007F8 00000000 00000022
00000024 0E2D1002 00000000 00000002 00000000 00000000 00000022 00000000 0040100F 00000001 00300000 00000000 00000000 0040100F 00000000 000007F8 00000000 00000022
00000025 0E3D1003 00000000 00000003 00000002 00000000 00000022 00000000 0040100F 00000001 00300000 00000000 00000000 0040100F 00000000 000007F8 00000000 00000022
00000026 00321001 00000000 00000001 00000002 00000000 00000022 00000000 0040100F 00000001 00300000 00000000 00000000 0040100F 00000000 000007F8 00000000 00000022
00000027 0D100008 00000000 00000008 00000002 00000003 00000022 00000000 0040100F 00000001 00300000 00000000 00000000 0040100F 00000000 000007F8 00000000 00000022
00000008 00DD1FFC 00000000 FFFFFFFC 00000002 00000003 00000022 00000000 0040100F 00000001 00300000 00000000 00000000 0040100F 00000000 000007F8 00000000 00000028
00000009 0F3D1003 00000000 00000003 00000002 00000003 00000022 00000000 0040100F 00000001 00300000 00000000 00000000 0040100F 00000000 000007F4 00000000 00000028
0000000A 0F4D1002 00000000 00000002 00000002 00000003 00000022 00000000 0040100F 00000001 00300000 00000000 00000000 0040100F 00000000 000007F4 00000000 00000028
0000000B 0FFD1001 00000000 00000001 00000002 00000003 00000022 00000000 0040100F 00000001 00300000 00000000 00000000 0040100F 00000000 000007F4 00000000 00000028
0000000C 0F2D1000 00000000 00000000 00000002 00000003 00000022 00000000 0040100F 00000001 00300000 00000000 00000000 0040100F 00000000 000007F4 00000000 00000028
0000000D 0B14300F 00000000 0000000F 00000002 00000003 00000022 00000000 0040100F 00000001 00300000 00000000 00000000 0040100F 00000000 000007F4 00000000 00000028
0000000E 07100011 00000000 00000011 00000002 00000003 00000022 00000000 0040100F 00000001 00300000 00000000 00000000 0040100F 00000000 000007F4 00000000 00000028
00000011 0EB93000 00000000 00000000 00000002 00000003 00000022 00000000 0040100F 00000001 00300000 00000000 00000000 0040100F 00000000 000007F4 00000000 00000028
00000012 00731FFF 00000000 FFFFFFFF 00000002 00000003 00000022 00000000 0040100F 00000001 00300000 00000000 00000000 0499100A 00000000 000007F4 00000000 00000028
00000013 00241001 00000000 00000001 00000002 00000003 00000022 00000000 0040100F 00000002 00300000 00000000 00000000 0499100A 00000000 000007F4 00000000 00000028
00000014 00221FFF 00000000 FFFFFFFF 00000023 00000003 00000022 00000000 0040100F 00000002 00300000 00000000 00000000 0499100A 00000000 000007F4 00000000 00000028
00000015 0EF92000 00000000 00000000 00000022 00000003 00000022 00000000 0040100F 00000002 00300000 00000000 00000000 0499100A 00000000 000007F4 00000000 00000028
00000016 0A1FB014 00000000 00000014 00000022 00000003 00000022 00000000 0040100F 00000002 00300000 00000000 00000000 0499100A 00000000 000007F4 00000000 0E2D1000
00000014 00221FFF 00000000 FFFFFFFF 00000022 00000003 00000022 00000000 0040100F 00000002 00300000 00000000 00000000 0499100A 00000000 000007F4 00000000 0E2D1000
00000015 0EF92000 00000000 00000000 00000021 00000003 00000022 00000000 0040100F 00000002 00300000 00000000 00000000 0499100A 00000000 000007F4 00000000 0E2D1000
00000016 0A1FB014 00000000 00000014 00000021 00000003 00000022 00000000 0040100F 00000002 00300000 00000000 00000000 0499100A 00000000 000007F4 00000000 0D100008
00000014 00221FFF 00000000 FFFFFFFF 00000021 00000003 00000022 00000000 0040100F 00000002 00300000 00000000 00000000 0499100A 00000000 000007F4 00000000 0D100008
00000015 0EF92000 00000000 00000000 00000020 00000003 00000022 00000000 0040100F 00000002 00300000 00000000 00000000 0499100A 00000000 000007F4 00000000 0D100008
00000016 0A1FB014 00000000 00000014 00000020 00000003 00000022 00000000 0040100F 00000002 00300000 00000000 00000000 0499100A 00000000 000007F4 00000000 00420000
00000017 00771001 00000000 00000001 00000020 00000003 00000022 00000000 0040100F 00000002 00300000 00000000 00000000 0499100A 00000000 000007F4 00000000 00420000
00000018 0E697000 00000000 00000000 00000020 00000003 00000022 00000000 0040100F 00000003 00300000 00000000 00000000 0499100A 00000000 000007F4 00000000 00420000
00000019 0916B017 00000000 00000017 00000020 00000003 00000022 00000000 0499100A 00000003 00300000 00000000 00000000 0499100A 00000000 000007F4 00000000 00420000
0000001A 0C17201F 00000000 0000001F 00000020 00000003 00000022 00000000 0499100A 00000003 00300000 00000000 00000000 0499100A 00000000 000007F4 00000000 00420000
0000001B 008F0000 00000000 00000000 00000020 00000003 00000022 00000000 0499100A 00000003 00300000 00000000 00000000 0499100A 00000000 000007F4 00000000 00420000
0000001C 0F692000 00000000 00000000 00000020 00000003 00000022 00000000 0499100A 00000003 00420000 00000000 00000000 0499100A 00000000 000007F4 00000000 00420000
0000001D 0F897000 00000000 00000000 00000020 00000003 00000022 00000000 0499100A 00000003 00420000 00000000 00000000 0499100A 00000000 000007F4 00000000 00420000
0000001E 07100014 00000000 00000014 00000020 00000003 00000022 00000000 0499100A 00000003 00420000 00000000 00000000 0499100A 00000000 000007F4 00000000 00420000
00000014 00221FFF 00000000 FFFFFFFF 00000020 00000003 00000022 00000000 0499100A 00000003 00420000 00000000 00000000 0499100A 00000000 000007F4 00000000 00420000
00000015 0EF92000 00000000 00000000 0000001F 00000003 00000022 00000000 0499100A 00000003 00420000 00000000 00000000 0499100A 00000000 000007F4 00000000 00420000
00000016 0A1FB014 00000000 00000014 0000001F 00000003 00000022 00000000 0499100A 00000003 00420000 00000000 00000000 0499100A 00000000 000007F4 00000000 0F2D1000
00000014 00221FFF 00000000 FFFFFFFF 0000001F 00000003 00000022 00000000 0499100A 00000003 00420000 00000000 00000000 0499100A 00000000 000007F4 00000000 0F2D1000
00000015 0EF92000 00000000 00000000 0000001E 00000003 00000022 00000000 0499100A 00000003 00420000 00000000 00000000 0499100A 00000000 000007F4 00000000 0F2D1000
00000016 0A1FB014 00000000 00000014 0000001E 00000003 00000022 00000000 0499100A 00000003 00420000 00000000 00000000 0499100A 00000000 000007F4 00000000 07100014
00000014 00221FFF 00000000 FFFFFFFF 0000001E 00000003 00000022 00000000 0499100A 00000003 00420000 00000000 00000000 0499100A 00000000 000007F4 00000000 07100014
00000015 0EF92000 00000000 00000000 0000001D 00000003 00000022 00000000 0499100A 00000003 00420000 00000000 00000000 0499100A 00000000 000007F4 00000000 07100014
00000016 0A1FB014 00000000 00000014 0000001D 00000003 00000022 00000000 0499100A 00000003 00420000 00000000 00000000 0499100A 00000000 000007F4 00000000 0F897000
00000014 00221FFF 00000000 FFFFFFFF 0000001D 00000003 00000022 00000000 0499100A 00000003 00420000 00000000 00000000 0499100A 00000000 000007F4 00000000 0F897000
00000015 0EF92000 00000000 00000000 0000001C 00000003 00000022 00000000 0499100A 00000003 00420000 00000000 00000000 0499100A 00000000 000007F4 00000000 0F897000
00000016 0A1FB014 00000000 00000014 0000001C 00000003 00000022 00000000 0499100A 00000003 00420000 00000000 00000000 0499100A 00000000 000007F4 00000000 0F692000
00000014 00221FFF 00000000 FFFFFFFF 0000001C 00000003 00000022 00000000 0499100A 00000003 00420000 00000000 00000000 0499100A 00000000 000007F4 00000000 0F692000
00000015 0EF92000 00000000 00000000 0000001B 00000003 00000022 00000000 0499100A 00000003 00420000 00000000 00000000 0499100A 00000000 000007F4 00000000 0F692000
00000016 0A1FB014 00000000 00000014 0000001B 00000003 00000022 00000000 0499100A 00000003 00420000 00000000 00000000 0499100A 00000000 000007F4 00000000 008F0000
00000017 00771001 00000000 00000001 0000001B 00000003 00000022 00000000 0499100A 00000003 00420000 00000000 00000000 0499100A 00000000 000007F4 00000000 008F0000
00000018 0E697000 00000000 00000000 0000001B 00000003 00000022 00000000 0499100A 00000004 00420000 00000000 00000000 0499100A 00000000 000007F4 00000000 008F0000
00000019 0916B017 00000000 00000017 0000001B 00000003 00000022 00000000 04DD100B 00000004 00420000 00000000 00000000 0499100A 00000000 000007F4 00000000 008F0000
0000001A 0C17201F 00000000 0000001F 0000001B 00000003 00000022 00000000 04DD100B 00000004 00420000 00000000 00000000 0499100A 00000000 000007F4 00000000 008F0000
0000001B 008F0000 00000000 00000000 0000001B 00000003 00000022 00000000 04DD100B 00000004 00420000 00000000 00000000 0499100A 00000000 000007F4 00000000 008F0000
0000001C 0F692000 00000000 00000000 0000001B 00000003 00000022 00000000 04DD100B 00000004 008F0000 00000000 00000000 0499100A 00000000 000007F4 00000000 008F0000
0000001D 0F897000 00000000 00000000 0000001B 00000003 00000022 00000000 04DD100B 00000004 008F0000 00000000 00000000 0499100A 00000000 000007F4 00000000 008F0000
0000001E 07100014 00000000 00000014 0000001B 00000003 00000022 00000000 04DD100B 00000004 008F0000 00000000 00000000 0499100A 00000000 000007F4 00000000 008F0000
00000014 00221FFF 00000000 FFFFFFFF 0000001B 00000003 00000022 00000000 04DD100B 00000004 008F0000 00000000 00000000 0499100A 00000000 000007F4 00000000 008F0000
00000015 0EF92000 00000000 00000000 0000001A 00000003 00000022 00000000 04DD100B 00000004 008F0000 00000000 00000000 0499100A 00000000 000007F4 00000000 008F0000
00000016 0A1FB014 00000000 00000014 0000001A 00000003 00000022 00000000 04DD100B 00000004 008F0000 00000000 00000000 0499100A 00000000 000007F4 00000000 0C17201F
00000014 00221FFF 00000000 FFFFFFFF 0000001A 00000003 00000022 00000000 04DD100B 00000004 008F0000 00000000 00000000 0499100A 00000000 000007F4 00000000 0C17201F
00000015 0EF92000 00000000 00000000 00000019 00000003 00000022 00000000 04DD100B 00000004 008F0000 00000000 00000000 0499100A 00000000 000007F4 00000000 0C17201F
00000016 0A1FB014 00000000 00000014 00000019 00000003 00000022 00000000 04DD100B 00000004 008F0000 00000000 00000000 0499100A 00000000 000007F4 00000000 0916B017
00000014 00221FFF 00000000 FFFFFFFF 00000019 00000003 00000022 00000000 04DD100B 00000004 008F0000 00000000 00000000 0499100A 00000000 000007F4 00000000 0916B017
00000015 0EF92000 00000000 00000000 00000018 00000003 00000022 00000000 04DD100B 00000004 008F0000 00000000 00000000 0499100A 00000000 000007F4 00000000 0916B017
00000016 0A1FB014 00000000 00000014 00000018 00000003 00000022 00000000 04DD100B 00000004 008F0000 00000000 00000000 0499100A 00000000 000007F4 00000000 0E697000
00000014 00221FFF 00000000 FFFFFFFF 00000018 00000003 00000022 00000000 04DD100B 00000004 008F0000 00000000 00000000 0499100A 00000000 000007F4 00000000 0E697000
00000015 0EF92000 00000000 00000000 00000017 00000003 00000022 00000000 04DD100B 00000004 008F0000 00000000 00000000 0499100A 00000000 000007F4 00000000 0E697000
00000016 0A1FB014 00000000 00000014 00000017 00000003 00000022 00000000 04DD100B 00000004 008F0000 00000000 00000000 0499100A 00000000 000007F4 00000000 00771001
00000017 00771001 00000000 00000001 00000017 00000003 00000022 00000000 04DD100B 00000004 008F0000 00000000 00000000 0499100A 00000000 000007F4 00000000 00771001
00000018 0E697000 00000000 00000000 00000017 00000003 00000022 00000000 04DD100B 00000005 008F0000 00000000 00000000 0499100A 00000000 000007F4 00000000 00771001
00000019 0916B017 00000000 00000017 00000017 00000003 00000022 00000000 00D01001 00000005 008F0000 00000000 00000000 0499100A 00000000 000007F4 00000000 00771001
00000017 00771001 00000000 00000001 00000017 00000003 00000022 00000000 00D01001 00000005 008F0000 00000000 00000000 0499100A 00000000 000007F4 00000000 00771001
00000018 0E697000 00000000 00000000 00000017 00000003 00000022 00000000 00D01001 00000006 008F0000 00000000 00000000 0499100A 00000000 000007F4 00000000 00771001
00000019 0916B017 00000000 00000017 00000017 00000003 00000022 00000000 0D100008 00000006 008F0000 00000000 00000000 0499100A 00000000 000007F4 00000000 00771001
0000001A 0C17201F 00000000 0000001F 00000017 00000003 00000022 00000000 0D100008 00000006 008F0000 00000000 00000000 0499100A 00000000 000007F4 00000000 00771001
0000001B 04DD100B 00000000 0000000B 00000017